**********
Processing file [homework.py] submitted by AverageStudent
**********
Passed: [3, 4, 6, 8, 9, 10, 11, 12, 13, 15, 16, 17, 18, 19, 20, 21, 22, 23, 24, 25, 26, 27, 28, 29, 30, 31, 32, 33, 34, 36, 37, 38, 39, 40, 41, 42, 43, 45, 46, 47, 48, 52, 53, 54, 55, 56, 57, 58, 59, 60, 61, 62, 63, 64, 65, 67, 68, 69, 70, 71, 72, 73, 74, 75, 76, 77, 79, 80, 82, 84, 86, 88, 89, 91, 100] - total 75.
Failed: [1, 2, 5, 7, 14, 35, 44, 49, 50, 51, 66, 78, 81, 83, 85, 87, 90, 92, 93, 94, 95, 96, 97, 98, 99] - total 25.

75 of 100 test cases passed. Score = 75.00 of 100.00

**********
Execution score: 75.00 of 100.00
**********
**********
Final score: 75.00 of 100.00
**********
**********
Finished processing
**********

**********
Processing file [homework.py] submitted by BadStudent
**********
Passed: [3, 4, 6, 8, 9, 10, 11, 12, 13, 15, 16, 17, 18, 19, 20, 21, 22, 23, 24, 25, 26, 27, 28, 29, 30, 31, 32, 33, 34, 36, 37, 38, 39, 40, 41, 42, 43, 45, 46, 47, 48, 52, 53, 54, 55, 56, 57, 58, 59, 60, 61, 62, 63, 64, 65, 67, 68, 69, 70, 71, 72, 73, 74, 75, 76, 77, 79, 80, 82, 84, 86, 88, 89, 91, 100] - total 75.
Failed: [1, 2, 5, 7, 14, 35, 44, 49, 50, 51, 66, 78, 81, 83, 85, 87, 90, 92, 93, 94, 95, 96, 97, 98, 99] - total 25.

75 of 100 test cases passed. Score = 75.00 of 100.00

**********
Execution score: 75.00 of 100.00
**********
Usage of import detected, you score will be deducted by 50% or 37.50
**********
Final score: 37.50 of 100.00
**********
**********
Finished processing
**********

**********
Processing file [homework.py] submitted by GoodStudent
**********
Passed: [1, 2, 3, 4, 5, 6, 7, 8, 9, 10, 11, 12, 13, 14, 15, 16, 17, 18, 19, 20, 21, 22, 23, 24, 25, 26, 27, 28, 29, 30, 31, 32, 33, 34, 35, 36, 37, 38, 39, 40, 41, 42, 43, 44, 45, 46, 47, 48, 49, 50, 51, 52, 53, 54, 55, 56, 57, 58, 59, 60, 61, 62, 63, 64, 65, 66, 67, 68, 69, 70, 71, 72, 73, 74, 75, 76, 77, 78, 79, 80, 81, 82, 83, 84, 85, 86, 87, 88, 89, 90, 91, 92, 93, 94, 95, 96, 97, 98, 99, 100] - total 100.
Failed: [] - total 0.

100 of 100 test cases passed. Score = 100.00 of 100.00

**********
Execution score: 100.00 of 100.00
**********
**********
Final score: 100.00 of 100.00
**********
**********
Finished processing
**********

